70.30702728733303
70.7481436133677
37.27577696435981
88.86144218927147
87.50976345716903
41.60800369424615
10.325534930236769
59.99961244393121
23.24477102175392
89.1570538350658
10.922513530746391
13.446507282530607
75.6827765432783
42.90986598092877
99.97736702038135
19.116889989972087
96.3207682886566
41.90891026358719
61.89852943418781
44.968694042430904
84.50699571185342
79.4607891897056
43.35652912639043
85.44843618116957
47.000086012111176
92.78702137501212
71.45549089994661
7.843795568956269
14.01800317592139
47.89020541275012
