36.68982725039296
55.33838955062846
47.58325222318373
16.73778729380675
68.74691450840798
19.714417292940233
70.77495623772542
92.2095956824805
72.06618714982167
99.75384140932852
48.36995433032259
85.45303755164792
50.14155627895324
89.3872597240857
16.3085711240193
39.41787178355914
59.61904382251356
74.35369330901167
8.294417231993812
75.80038605519273
49.78317056344509
27.37243428153078
27.482073965078445
9.04086055629284
38.20846612966547
31.06535348556514
38.999384741900926
26.48708752311595
87.58284233298077
62.116969775236456
