13.465558781714758
51.71193735501066
25.365946942381456
47.30370301247879
28.726203741658185
4.706764191713408
71.24171030536465
96.93060679264788
56.96455541673715
16.222346434131975
10.05970375846953
48.61807205416932
69.23385975798136
91.48887267073313
95.17252158160761
5.754979965070195
30.884809153058523
60.49397601969092
57.89721690601122
44.25349640827248
88.20635174409553
7.89455496831436
53.10028203073974
58.185549507350984
48.83414172699777
4.624632056070821
88.23828013047333
53.19899844914051
46.18309657262771
24.727025519624156
