28.070925320000818
42.13092290145974
71.19573389072093
82.34129661502823
34.75467510695302
13.351982312558386
16.3241438045269
38.355863181353335
51.47953778912964
41.91650302031496
45.12432992268132
60.59693048253403
30.637075165076332
32.236935923263175
0.20601146272415383
69.82026906784701
73.42695562398667
51.89561700357491
9.006550996269313
24.923889223670205
31.30728582163904
15.646822085794154
46.24870961164146
79.30660801434435
86.42467284042034
75.64113490861506
37.135885201370165
62.64399070256859
27.307706610256854
3.122365439970509
