81.771682352303
74.33774092848685
57.257143217875864
42.296511569147036
95.05862168276215
81.13703852178075
3.1802233474101826
81.86130290970353
35.37484307105095
46.26943856786
89.01314750844436
12.37229533778299
62.010500590134676
76.1615981582826
84.06285660062578
32.39317906945484
46.37794146735338
81.4842845413683
34.68107941244328
2.306485011814341
23.126254471133368
48.92956926938928
78.99996637686387
10.113993120156039
48.43574913726818
15.235398104776653
82.25324981203357
24.0077683187648
49.21657004525372
30.750007522200573
